E:\ai\works\keras_yolov3\data\poker\images\IMG_20180608_181603.jpg 350,648,504,879,31 1700,438,1882,634,35 2368,729,2573,966,15 818,2511,995,2748,19 1850,1948,2013,2184,37 2077,1307,2223,1538,26 727,3125,977,3357,21 
E:\ai\works\keras_yolov3\data\poker\images\IMG_20180608_181605.jpg 282,661,427,857,31 623,2566,813,2807,19 482,3188,713,3425,21 1709,2016,1863,2261,37 1982,1379,2118,1616,26 2304,834,2450,1038,15 1641,498,1809,670,35 
E:\ai\works\keras_yolov3\data\poker\images\IMG_20180608_181610.jpg 1345,584,1523,870,31 1950,1088,2313,1284,35 591,2725,832,3061,19 354,3498,636,3879,21 
E:\ai\works\keras_yolov3\data\poker\images\IMG_20180608_181614.jpg 536,1566,818,1993,31 
E:\ai\works\keras_yolov3\data\poker\images\IMG_20180608_181639.jpg 1478,1417,1859,1683,19 
E:\ai\works\keras_yolov3\data\poker\images\IMG_20180608_181647.jpg 1500,1624,1948,1865,35 2893,1228,3326,1450,35 
E:\ai\works\keras_yolov3\data\poker\images\IMG_20180608_181651.jpg 1140,1058,1494,1387,31 2798,1272,3126,1604,31 
E:\ai\works\keras_yolov3\data\poker\images\IMG_20180608_181703.jpg 1405,1454,1844,1708,26 3033,969,3483,1247,26 
E:\ai\works\keras_yolov3\data\poker\images\IMG_20180608_181712.jpg 1373,2190,1887,2404,30 2830,954,3380,1154,30 
E:\ai\works\keras_yolov3\data\poker\images\IMG_20180608_181716.jpg 1233,1383,1712,1679,3 3140,994,3640,1304,3 
E:\ai\works\keras_yolov3\data\poker\images\IMG_20180608_181719.jpg 1280,1279,1640,1629,14 3194,1269,3576,1633,14 
E:\ai\works\keras_yolov3\data\poker\images\IMG_20180608_181723.jpg 1051,1308,1483,1662,0 2919,1251,3369,1576,0 
E:\ai\works\keras_yolov3\data\poker\images\IMG_20180608_181726.jpg 933,1440,1483,1754,5 2869,769,3465,1147,5 
E:\ai\works\keras_yolov3\data\poker\images\IMG_20180608_181730.jpg 955,1604,1476,1872,39 2848,762,3365,1054,39 
E:\ai\works\keras_yolov3\data\poker\images\IMG_20180608_181733.jpg 955,1426,1390,1783,29 2948,1026,3476,1379,29 
E:\ai\works\keras_yolov3\data\poker\images\IMG_20180608_181737.jpg 1098,1162,1576,1651,9 3312,1229,3848,1712,9 
E:\ai\works\keras_yolov3\data\poker\images\IMG_20180608_181741.jpg 1212,1762,1851,2044,2 3119,690,3755,979,2 
E:\ai\works\keras_yolov3\data\poker\images\IMG_20180608_181744.jpg 1055,1701,1612,2033,46 3037,612,3676,926,46 
E:\ai\works\keras_yolov3\data\poker\images\IMG_20180608_181748.jpg 855,1072,1330,1558,40 2990,1101,3483,1594,40 
E:\ai\works\keras_yolov3\data\poker\images\IMG_20180608_181751.jpg 1365,1797,1898,2137,17 3240,722,3808,1051,17 
E:\ai\works\keras_yolov3\data\poker\images\IMG_20180608_181754.jpg 1076,1812,1648,2176,13 3319,826,3865,1176,13 
E:\ai\works\keras_yolov3\data\poker\images\IMG_20180608_181758.jpg 1019,2029,1598,2301,47 2958,697,3508,958,47 
E:\ai\works\keras_yolov3\data\poker\images\IMG_20180608_181801.jpg 962,1847,1558,2183,6 2915,651,3498,979,6 
E:\ai\works\keras_yolov3\data\poker\images\IMG_20180608_181805.jpg 990,2022,1605,2272,18 3055,572,3719,919,18 
E:\ai\works\keras_yolov3\data\poker\images\IMG_20180608_181809.jpg 1023,1879,1605,2169,48 2855,790,3465,1101,48 
E:\ai\works\keras_yolov3\data\poker\images\IMG_20180608_181812.jpg 1308,2008,1865,2219,22 3037,619,3648,876,22 
E:\ai\works\keras_yolov3\data\poker\images\IMG_20180608_181815.jpg 976,1615,1515,1965,41 3087,826,3644,1222,41 
E:\ai\works\keras_yolov3\data\poker\images\IMG_20180608_181822.jpg 1237,2133,1762,2365,43 2333,394,2912,651,43 
E:\ai\works\keras_yolov3\data\poker\images\IMG_20180608_181825.jpg 755,1462,1305,1804,28 2805,662,3337,1037,28 
E:\ai\works\keras_yolov3\data\poker\images\IMG_20180608_181831.jpg 944,1562,1619,1915,27 3144,765,3733,1129,27 
E:\ai\works\keras_yolov3\data\poker\images\IMG_20180608_181840.jpg 1490,1672,1890,1869,32 2794,983,3208,1215,32 
E:\ai\works\keras_yolov3\data\poker\images\IMG_20180608_181843.jpg 1330,1690,1873,1997,36 3230,819,3783,1108,36 
E:\ai\works\keras_yolov3\data\poker\images\IMG_20180608_181846.jpg 1426,1983,1908,2269,33 3308,1115,3848,1412,33 
E:\ai\works\keras_yolov3\data\poker\images\IMG_20180608_181850.jpg 1223,1679,1730,1997,10 3219,1004,3780,1347,10 
E:\ai\works\keras_yolov3\data\poker\images\IMG_20180608_181853.jpg 1119,1551,1619,1897,38 3215,1140,3769,1490,38 
E:\ai\works\keras_yolov3\data\poker\images\IMG_20180608_181856.jpg 965,1490,1483,1858,7 3276,1037,3819,1422,7 
E:\ai\works\keras_yolov3\data\poker\images\IMG_20180608_181901.jpg 1176,987,1548,1412,20 3123,1376,3562,1851,20 
E:\ai\works\keras_yolov3\data\poker\images\IMG_20180608_181905.jpg 1248,1640,1755,1904,44 2980,787,3526,1069,44 
E:\ai\works\keras_yolov3\data\poker\images\IMG_20180608_181908.jpg 1137,1494,1555,1826,42 3133,1004,3594,1347,42 
E:\ai\works\keras_yolov3\data\poker\images\IMG_20180608_181911.jpg 1044,1904,1594,2176,23 2998,704,3569,1029,23 
E:\ai\works\keras_yolov3\data\poker\images\IMG_20180608_181914.jpg 1033,1683,1619,2054,51 3133,1029,3701,1379,51 
E:\ai\works\keras_yolov3\data\poker\images\IMG_20180608_181921.jpg 958,1808,1433,2115,34 2976,1083,3480,1387,34 
E:\ai\works\keras_yolov3\data\poker\images\IMG_20180608_181924.jpg 1187,2008,1648,2251,45 2955,969,3505,1208,45 
E:\ai\works\keras_yolov3\data\poker\images\IMG_20180608_181928.jpg 823,1912,1440,2254,16 2919,1015,3576,1369,16 
E:\ai\works\keras_yolov3\data\poker\images\IMG_20180608_181931.jpg 790,1797,1412,2158,24 2958,876,3605,1229,24 
E:\ai\works\keras_yolov3\data\poker\images\IMG_20180608_181934.jpg 862,1554,1430,1947,12 3155,1012,3723,1419,12 
E:\ai\works\keras_yolov3\data\poker\images\IMG_20180608_181937.jpg 562,1290,1105,1704,8 2887,890,3540,1362,8 
E:\ai\works\keras_yolov3\data\poker\images\IMG_20180608_181940.jpg 1094,1254,1505,1626,50 3098,1372,3530,1776,50 
E:\ai\works\keras_yolov3\data\poker\images\IMG_20180608_181944.jpg 1376,637,1701,1194,4 3055,1844,3330,2376,4 
E:\ai\works\keras_yolov3\data\poker\images\IMG_20180608_182035.jpg 623,1044,780,1404,12 1337,2065,1455,2387,12 1555,1547,1715,1915,8 1990,2601,2130,2879,8 1608,1301,1801,1572,50 2698,1819,2930,2151,50 3223,1058,3508,1319,4 
E:\ai\works\keras_yolov3\data\poker\images\IMG_20180608_182046.jpg 262,2083,669,2208,25 1108,1087,1465,1254,25 1569,504,1730,829,23 2426,979,2587,1337,24 3230,1922,3355,2222,24 2408,2376,2548,2658,16 
E:\ai\works\keras_yolov3\data\poker\images\IMG_20180608_182104.jpg 1598,929,1937,1097,7 1215,2219,1476,2469,43 3423,1183,3773,1354,28 2462,2033,2805,2147,28 1533,2472,1873,2583,36 1733,147,1862,522,44 8,2069,215,2315,43 
E:\ai\works\keras_yolov3\data\poker\images\IMG_20180608_182120.jpg 2305,644,2512,965,17 3369,1390,3519,1694,17 530,597,883,876,19 1955,701,2237,979,19 1344,2615,1630,2787,3 2569,2433,2815,2651,3 1,2144,223,2376,0 1187,2076,1498,2312,0 1508,1847,1805,2015,38 
E:\ai\works\keras_yolov3\data\poker\images\IMG_20180608_182143.jpg 1123,362,1419,597,34 715,1612,1030,1783,34 380,2358,587,2547,22 1683,1790,1990,2019,10 1180,2840,1494,2983,10 2444,2637,2662,2862,47 2508,329,2705,640,42 2787,1558,2965,1808,42 1498,12,1755,319,48 1673,1283,1894,1594,48 
E:\ai\works\keras_yolov3\data\poker\images\IMG_20180608_182156.jpg 808,1669,965,1929,18 912,2740,1101,2972,18 1626,1190,1876,1465,20 1640,2326,1883,2576,20 3044,1901,3344,2069,21 2148,2604,2480,2751,21 3030,544,3326,733,1 2444,1633,2719,1794,1 1976,1072,2173,1401,6 
E:\ai\works\keras_yolov3\data\poker\images\IMG_20180608_182209.jpg 1558,704,1851,865,5 798,1540,1173,1687,5 855,1762,1151,1969,30 919,629,1123,837,30 1483,1508,1769,1729,33 1598,54,1823,401,45 2476,779,2719,1076,11 2473,1372,2626,1626,29 2662,2333,2862,2604,29 1165,2440,1440,2662,33 1983,1247,2158,1529,45 
E:\ai\works\keras_yolov3\data\poker\images\IMG_20180608_182225.jpg 69,2244,433,2390,39 905,1304,1326,1487,39 1794,515,1965,879,13 2119,1808,2337,2097,13 2837,922,3026,1269,31 3187,2094,3380,2408,31 2473,1851,2819,2026,40 1758,22,2080,304,46 
E:\ai\works\keras_yolov3\data\poker\images\IMG_20180608_182237.jpg 351,1579,658,1790,15 101,2722,423,2897,15 1119,1372,1287,1697,2 1515,2515,1669,2819,2 2283,890,2469,1229,27 2465,2133,2619,2419,27 3098,1733,3405,2047,37 1530,1122,1798,1426,35 
